110
111
112
113
114
115
120
121
122
123
124
125
130
131
132
133
134
135
140
141
142
143
144
145
150
151
152
153
154
155
160
161
162
163
164
165
170
171
172
173
174
175
180
181
182
183
184
185
190
191
192
193
194
195
200
201
202
203
204
205
210
211
212
213
214
215
220
221
222
223
224
225
230
231
232
233
234
235
240
241
242
243
244
245
250
251
252
253
254
255
260
261
262
263
264
265
270
271
272
273
274
275
280
281
282
283
284
285
290
291
292
293
294
295
300
301
302
303
304
305
310
311
312
313
314
315
320
321
322
323
324
325
330
331
332
333
334
335
340
341
342
343
344
345
350
351
352
353
354
355
360
361
362
363
364
365
370
371
372
373
374
375
380
381
382
383
384
385
390
391
392
393
394
395
400
401
402
403
404
405
410
411
412
413
414
415
420
421
422
423
424
425
430
431
432
433
434
435
440
441
442
443
444
445
450
451
452
453
454
455
460
461
462
463
464
465
470
471
472
473
474
475
480
481
482
483
484
485
490
491
492
493
494
495
500
501
502
503
504
505
510
511
512
513
514
515
520
521
522
523
524
525
530
531
532
533
534
535
540
541
542
543
544
545
550
551
552
553
554
555
560
561
562
563
564
565
570
571
572
573
574
575
580
581
582
583
584
585
590
591
592
593
594
595
600
601
602
603
604
605
610
611
612
613
614
615
620
621
622
623
624
625
630
631
632
633
634
635
640
641
642
643
644
645
650
651
652
653
654
655
660
661
662
663
664
665
670
671
672
673
674
675
680
681
682
683
684
685
690
691
692
693
694
695
700
701
702
703
704
705
710
711
712
713
714
715
720
721
722
723
724
725
730
731
732
733
734
735
740
741
742
743
744
745
750
751
752
753
754
755
760
761
762
763
764
765
770
771
772
773
774
775
780
781
782
783
784
785
790
791
792
793
794
795
800
801
802
803
804
805
810
811
812
813
814
815
820
821
822
823
824
825
830
831
832
833
834
835
840
841
842
843
844
845
850
851
852
853
854
855
860
861
862
863
864
865
870
871
872
873
874
875
880
881
882
883
884
885
890
891
892
893
894
895
900
901
902
903
904
905
910
911
912
913
914
915
920
921
922
923
924
925
930
931
932
933
934
935
940
941
942
943
944
945
950
951
952
953
954
955
960
961
962
963
964
965
970
971
972
973
974
975
980
981
982
983
984
985
990
991
992
993
994
995
1000
1001
1002
1003
1004
1005
1010
1011
1012
1013
1014
1015
1020
1021
1022
1023
1024
1025
1030
1031
1032
1033
1034
1035
1040
1041
1042
1043
1044
1045
1050
1051
1052
1053
1054
1055
1060
1061
1062
1063
1064
1065
1070
1071
1072
1073
1074
1075
1080
1081
1082
1083
1084
1085
1090
1091
1092
1093
1094
1095
1100
1101
1102
1103
1104
1105
1110
1111
1112
1113
1114
1115
1120
1121
1122
1123
1124
1125
1130
1131
1132
1133
1134
1135
1140
1141
1142
1143
1144
1145
1150
1151
1152
1153
1154
1155
1160
1161
1162
1163
1164
1165
1170
1171
1172
1173
1174
1175
1180
1181
1182
1183
1184
1185
1190
1191
1192
1193
1194
1195
1200
1201
1202
1203
1204
1205
1210
1211
1212
1213
1214
1215
1220
1221
1222
1223
1224
1225
1230
1231
1232
1233
1234
1235
1240
1241
1242
1243
1244
1245
1250
1251
1252
1253
1254
1255
1260
1261
1262
1263
1264
1265
1270
1271
1272
1273
1274
1275
1280
1281
1282
1283
1284
1285
1290
1291
1292
1293
1294
1295
1300
1301
1302
1303
1304
1305
1310
1311
1312
1313
1314
1315
1320
1321
1322
1323
1324
1325
1330
1331
1332
1333
1334
1335
1340
1341
1342
1343
1344
1345
1350
1351
1352
1353
1354
1355
1360
1361
1362
1363
1364
1365
1370
1371
1372
1373
1374
1375
1380
1381
1382
1383
1384
1385
1390
1391
1392
1393
1394
1395
1400
1401
1402
1403
1404
1405
1410
1411
1412
1413
1414
1415
1420
1421
1422
1423
1424
1425
1430
1431
1432
1433
1434
1435
1440
1441
1442
1443
1444
1445
1450
1451
1452
1453
1454
1455
1460
1461
1462
1463
1464
1465
1470
1471
1472
1473
1474
1475
1480
1481
1482
1483
1484
1485
1490
1491
1492
1493
1494
1495
1500
1501
1502
1503
1504
1505
1510
1511
1512
1513
1514
1515
1520
1521
1522
1523
1524
1525
1530
1531
1532
1533
1534
1535
1540
1541
1542
1543
1544
1545
1550
1551
1552
1553
1554
1555
1560
1561
1562
1563
1564
1565
1570
1571
1572
1573
1574
1575
1580
1581
1582
1583
1584
1585
1590
1591
1592
1593
1594
1595
1600
1601
1602
1603
1604
1605
1610
1611
1612
1613
1614
1615
1620
1621
1622
1623
1624
1625
1630
1631
1632
1633
1634
1635
1640
1641
1642
1643
1644
1645
1650
1651
1652
1653
1654
1655
1660
1661
1662
1663
1664
1665
1670
1671
1672
1673
1674
1675
1680
1681
1682
1683
1684
1685
1690
1691
1692
1693
1694
1695
1700
1701
1702
1703
1704
1705
1710
1711
1712
1713
1714
1715
1720
1721
1722
1723
1724
1725
1730
1731
1732
1733
1734
1735
1740
1741
1742
1743
1744
1745
1750
1751
1752
1753
1754
1755
1760
1761
1762
1763
1764
1765
1770
1771
1772
1773
1774
1775
1780
1781
1782
1783
1784
1785
1790
1791
1792
1793
1794
1795
1800
1801
1802
1803
1804
1805
1810
1811
1812
1813
1814
1815
1820
1821
1822
1823
1824
1825
1830
1831
1832
1833
1834
1835
1840
1841
1842
1843
1844
1845
1850
1851
1852
1853
1854
1855
1860
1861
1862
1863
1864
1865
1870
1871
1872
1873
1874
1875
1880
1881
1882
1883
1884
1885
1890
1891
1892
1893
1894
1895
1900
1901
1902
1903
1904
1905
1910
1911
1912
1913
1914
1915
1920
1921
1922
1923
1924
1925
1930
1931
1932
1933
1934
1935
1940
1941
1942
1943
1944
1945
1950
1951
1952
1953
1954
1955
1960
1961
1962
1963
1964
1965
1970
1971
1972
1973
1974
1975
1980
1981
1982
1983
1984
1985
1990
1991
1992
1993
1994
1995
2000
2001
2002
2003
2004
2005