10005
10025
10045
10065
10085
10105
10125
10145
10165
10185
10205
10225
10245
10265
10285
10305
10325
10345
10365
10385
10405
10425
10445
10465
10485
105
10505
11005
11025
11045
11065
11085
11105
11125
11145
11165
11185
11205
11225
11245
11265
11285
11305
11325
11345
11365
11385
11405
11425
11445
11465
11485
11505
12005
12025
12045
12065
12085
12105
12125
12145
12165
12185
12205
12225
12245
12265
12285
12305
12325
12345
12365
12385
12405
12425
12445
12465
12485
125
12505
145
15005
15025
15045
15065
15085
15105
15125
15145
15165
15185
15205
15225
15245
15265
15285
15305
15325
15345
15365
15385
15405
15425
15445
15465
15485
15505
165
18005
18025
18045
18065
18085
18105
18125
18145
18165
18185
18205
18225
18245
18265
18285
18305
18325
18345
18365
18385
18405
18425
18445
18465
18485
185
18505
205
225
23005
23025
23045
23065
23085
23105
23125
23145
23165
23185
23205
23225
23245
23265
23285
23305
23325
23345
23365
23385
23405
23425
23445
23465
23485
23505
24005
24025
24045
24065
24085
24105
24125
24145
24165
24185
24205
24225
24245
24265
24285
24305
24325
24345
24365
24385
24405
24425
24445
24465
24485
245
24505
25
25005
25025
25045
25065
25085
25105
25125
25145
25165
25185
25205
25225
25245
25265
25285
25305
25325
25345
25365
25385
25405
25425
25445
25465
25485
25505
26005
26025
26045
26065
26085
26105
26125
26145
26165
26185
26205
26225
26245
26265
26285
26305
26325
26345
26365
26385
26405
26425
26445
26465
26485
265
26505
27005
27025
27045
27065
27085
27105
27125
27145
27165
27185
27205
27225
27245
27265
27285
27305
27325
27345
27365
27385
27405
27425
27445
27465
27485
27505
285
30005
30025
30045
30065
30085
30105
30125
30145
30165
30185
30205
30225
30245
30265
30285
30305
30325
30345
30365
30385
30405
30425
30445
30465
30485
305
30505
32005
32025
32045
32065
32085
32105
32125
32145
32165
32185
32205
32225
32245
32265
32285
32305
32325
32345
32365
32385
32405
32425
32445
32465
32485
325
32505
33005
33025
33045
33065
33085
33105
33125
33145
33165
33185
33205
33225
33245
33265
33285
33305
33325
33345
33365
33385
33405
33425
33445
33465
33485
33505
34005
34025
34045
34065
34085
34105
34125
34145
34165
34185
34205
34225
34245
34265
34285
34305
34325
34345
34365
34385
34405
34425
34445
34465
34485
345
34505
35005
35025
35045
35065
35085
35105
35125
35145
35165
35185
35205
35225
35245
35265
35285
35305
35325
35345
35365
35385
35405
35425
35445
35465
35485
35505
36005
36025
36045
36065
36085
36105
36125
36145
36165
36185
36205
36225
36245
36265
36285
36305
36325
36345
36365
36385
36405
36425
36445
36465
36485
365
36505
37005
37025
37045
37065
37085
37105
37125
37145
37165
37185
37205
37225
37245
37265
37285
37305
37325
37345
37365
37385
37405
37425
37445
37465
37485
37505
38005
38025
38045
38065
38085
38105
38125
38145
38165
38185
38205
38225
38245
38265
38285
38305
38325
38345
38365
38385
38405
38425
38445
38465
38485
385
38505
39005
39025
39045
39065
39085
39105
39125
39145
39165
39185
39205
39225
39245
39265
39285
39305
39325
39345
39365
39385
39405
39425
39445
39465
39485
39505
40005
40025
40045
40065
40085
40105
40125
40145
40165
40185
40205
40225
40245
40265
40285
40305
40325
40345
40365
40385
40405
40425
40445
40465
40485
405
40505
41005
41025
41045
41065
41085
41105
41125
41145
41165
41185
41205
41225
41245
41265
41285
41305
41325
41345
41365
41385
41405
41425
41445
41465
41485
41505
42005
42025
42045
42065
42085
42105
42125
42145
42165
42185
42205
42225
42245
42265
42285
42305
42325
42345
42365
42385
42405
42425
42445
42465
42485
425
42505
43005
43025
43045
43065
43085
43105
43125
43145
43165
43185
43205
43225
43245
43265
43285
43305
43325
43345
43365
43385
43405
43425
43445
43465
43485
43505
44005
44025
44045
44065
44085
44105
44125
44145
44165
44185
44205
44225
44245
44265
44285
44305
44325
44345
44365
44385
44405
44425
44445
44465
44485
445
44505
45
45005
45025
45045
45065
45085
45105
45125
45145
45165
45185
45205
45225
45245
45265
45285
45305
45325
45345
45365
45385
45405
45425
45445
45465
45485
45505
46005
46025
46045
46065
46085
46105
46125
46145
46165
46185
46205
46225
46245
46265
46285
46305
46325
46345
46365
46385
46405
46425
46445
46465
46485
465
46505
47005
47025
47045
47065
47085
47105
47125
47145
47165
47185
47205
47225
47245
47265
47285
47305
47325
47345
47365
47385
47405
47425
47445
47465
47485
47505
48005
48025
48045
48065
48085
48105
48125
48145
48165
48185
48205
48225
48245
48265
48285
48305
48325
48345
48365
48385
48405
48425
48445
48465
48485
485
48505
49005
49025
49045
49065
49085
49105
49125
49145
49165
49185
49205
49225
49245
49265
49285
49305
49325
49345
49365
49385
49405
49425
49445
49465
49485
49505
5
5005
5025
5045
505
5065
5085
5105
5125
5145
5165
5185
5205
5225
5245
5265
5285
5305
5325
5345
5365
5385
5405
5425
5445
5465
5485
5505
6005
6025
6045
6065
6085
6105
6125
6145
6165
6185
6205
6225
6245
6265
6285
6305
6325
6345
6365
6385
6405
6425
6445
6465
6485
65
6505
85
9005
9025
9045
9065
9085
9105
9125
9145
9165
9185
9205
9225
9245
9265
9285
9305
9325
9345
9365
9385
9405
9425
9445
9465
9485
9505