10000
10001
10002
10003
10004
10005
10010
10011
10012
10013
10014
10015
10020
10021
10022
10023
10024
10025
10030
10031
10032
10033
10034
10035
10050
10051
10052
10053
10054
10055
10060
10061
10062
10063
10064
10065
10070
10071
10072
10073
10074
10075
10080
10081
10082
10083
10084
10085
10090
10091
10092
10093
10094
10095
10100
10101
10102
10103
10104
10105
10110
10111
10112
10113
10114
10115
10130
10131
10132
10133
10134
10135
10140
10141
10142
10143
10144
10145
10350
10351
10352
10353
10354
10355
10370
10371
10372
10373
10374
10375
10380
10381
10382
10383
10384
10385
10390
10391
10392
10393
10394
10395
10410
10411
10412
10413
10414
10415
10420
10421
10422
10423
10424
10425
10430
10431
10432
10433
10434
10435
10450
10451
10452
10453
10454
10455
10460
10461
10462
10463
10464
10465
10470
10471
10472
10473
10474
10475
10490
10491
10492
10493
10494
10495
10510
10511
10512
10513
10514
10515
10520
10521
10522
10523
10524
10525
10530
10531
10532
10533
10534
10535
130
131
132
133
134
135
140
141
142
143
144
145
150
151
152
153
154
155
160
161
162
163
164
165
170
171
172
173
174
175
180
181
182
183
184
185
190
191
192
193
194
195
200
20010
20011
20012
20013
20014
20015
20020
20021
20022
20023
20024
20025
20030
20031
20032
20033
20034
20035
20060
20061
20062
20063
20064
20065
20070
20071
20072
20073
20074
20075
20080
20081
20082
20083
20084
20085
20090
20091
20092
20093
20094
20095
201
20120
20121
20122
20123
20124
20125
20140
20141
20142
20143
20144
20145
20160
20161
20162
20163
20164
20165
20170
20171
20172
20173
20174
20175
20180
20181
20182
20183
20184
20185
20190
20191
20192
20193
20194
20195
202
20200
20201
20202
20203
20204
20205
20210
20211
20212
20213
20214
20215
20230
20231
20232
20233
20234
20235
20240
20241
20242
20243
20244
20245
20250
20251
20252
20253
20254
20255
20260
20261
20262
20263
20264
20265
20270
20271
20272
20273
20274
20275
20280
20281
20282
20283
20284
20285
203
204
205
20520
20521
20522
20523
20524
20525
20530
20531
20532
20533
20534
20535
20540
20541
20542
20543
20544
20545
20550
20551
20552
20553
20554
20555
20600
20601
20602
20603
20604
20605
20610
20611
20612
20613
20614
20615
20620
20621
20622
20623
20624
20625
20630
20631
20632
20633
20634
20635
20650
20651
20652
20653
20654
20655
20660
20661
20662
20663
20664
20665
20670
20671
20672
20673
20674
20675
20680
20681
20682
20683
20684
20685
20690
20691
20692
20693
20694
20695
20700
20701
20702
20703
20704
20705
20710
20711
20712
20713
20714
20715
20720
20721
20722
20723
20724
20725
20730
20731
20732
20733
20734
20735
20750
20751
20752
20753
20754
20755
20760
20761
20762
20763
20764
20765
20770
20771
20772
20773
20774
20775
20780
20781
20782
20783
20784
20785
20790
20791
20792
20793
20794
20795
20800
20801
20802
20803
20804
20805
20810
20811
20812
20813
20814
20815
20820
20821
20822
20823
20824
20825
20830
20831
20832
20833
20834
20835
20850
20851
20852
20853
20854
20855
20860
20861
20862
20863
20864
20865
20870
20871
20872
20873
20874
20875
20880
20881
20882
20883
20884
20885